-6.51078929377473 0 0 0 0 0 0 0 0 
-0.18599563241868 3 0 0 0 0 0 0 0 
0.00383575450658 2 3 2 0 0 0 0 0 
0.00383575450658 1 3 1 0 0 0 0 0 
-0.18599563241868 0 3 0 0 0 0 0 0 
0.00383575450658 0 2 3 2 0 0 0 0 
0.00383575450658 0 1 3 1 0 0 0 0 
-0.40937967094578 0 0 3 0 0 0 0 0 
-0.40937967094578 0 0 0 3 0 0 0 0 
-0.28868003373853 0 0 0 0 3 0 0 0 
0.02882682713066 0 0 0 0 2 3 2 0 
0.02882682713066 0 0 0 0 1 3 1 0 
-0.28868003373853 0 0 0 0 0 3 0 0 
0.02882682713066 0 0 0 0 0 2 3 2 
0.02882682713066 0 0 0 0 0 1 3 1 
-0.28868003373853 0 0 0 0 0 0 3 0 
-0.28868003373853 0 0 0 0 0 0 0 3 
0.12334344239823 3 3 0 0 0 0 0 0 
-0.03559792546704 2 0 2 0 0 0 0 0 
-0.03559792546704 1 0 1 0 0 0 0 0 
-0.03559792546704 3 2 3 2 0 0 0 0 
-0.03559792546704 3 1 3 1 0 0 0 0 
0.03222894441877 2 1 1 2 0 0 0 0 
-0.03222894441877 2 2 1 1 0 0 0 0 
-0.03222894441877 1 1 2 2 0 0 0 0 
0.03222894441877 1 2 2 1 0 0 0 0 
0.00640922125043 2 1 0 0 1 2 0 0 
-0.00640922125043 2 2 0 0 1 1 0 0 
-0.00640922125043 1 1 0 0 2 2 0 0 
0.00640922125043 1 2 0 0 2 1 0 0 
-0.00079496605672 2 1 0 0 0 1 2 0 
-0.00079496605672 2 2 0 0 0 2 2 0 
-0.00079496605672 1 1 0 0 0 1 1 0 
-0.00079496605672 1 2 0 0 0 2 1 0 
0.00079496605672 2 1 0 0 1 3 3 2 
-0.00079496605672 2 2 0 0 1 3 3 1 
-0.00079496605672 1 1 0 0 2 3 3 2 
0.00079496605672 1 2 0 0 2 3 3 1 
0.00640922125043 2 1 0 0 0 0 1 2 
-0.00640922125043 2 2 0 0 0 0 1 1 
-0.00640922125043 1 1 0 0 0 0 2 2 
0.00640922125043 1 2 0 0 0 0 2 1 
0.08105139392664 3 0 3 0 0 0 0 0 
0.11328033834541 3 0 0 3 0 0 0 0 
-0.03593349185572 2 3 2 3 0 0 0 0 
-0.03593349185572 1 3 1 3 0 0 0 0 
-0.00671482615311 2 3 3 1 1 2 0 0 
0.00671482615311 2 3 3 2 1 1 0 0 
0.00671482615311 1 3 3 1 2 2 0 0 
-0.00671482615311 1 3 3 2 2 1 0 0 
0.00083287167971 2 3 3 1 0 1 2 0 
0.00083287167971 2 3 3 2 0 2 2 0 
0.00083287167971 1 3 3 1 0 1 1 0 
0.00083287167971 1 3 3 2 0 2 1 0 
-0.00083287167971 2 3 3 1 1 3 3 2 
0.00083287167971 2 3 3 2 1 3 3 1 
0.00083287167971 1 3 3 1 2 3 3 2 
-0.00083287167971 1 3 3 2 2 3 3 1 
-0.00671482615311 2 3 3 1 0 0 1 2 
0.00671482615311 2 3 3 2 0 0 1 1 
0.00671482615311 1 3 3 1 0 0 2 2 
-0.00671482615311 1 3 3 2 0 0 2 1 
0.06303707310157 3 0 0 0 3 0 0 0 
-0.00781878663143 3 0 0 0 2 3 2 0 
-0.00781878663143 3 0 0 0 1 3 1 0 
-0.00443537998748 2 3 2 0 3 0 0 0 
-0.00443537998748 1 3 1 0 3 0 0 0 
0.00055014117955 2 3 2 0 2 3 2 0 
0.00055014117955 2 3 2 0 1 3 1 0 
0.00055014117955 1 3 1 0 2 3 2 0 
0.00055014117955 1 3 1 0 1 3 1 0 
0.06944629435199 3 0 0 0 0 3 0 0 
0.00227944616563 2 3 2 0 0 3 0 0 
0.00227944616563 1 3 1 0 0 3 0 0 
-0.00861375268815 3 0 0 0 0 2 3 2 
-0.00861375268815 3 0 0 0 0 1 3 1 
-0.00028273050016 2 3 2 0 0 2 3 2 
-0.00028273050016 2 3 2 0 0 1 3 1 
-0.00028273050016 1 3 1 0 0 2 3 2 
-0.00028273050016 1 3 1 0 0 1 3 1 
0.06303707310157 3 0 0 0 0 0 3 0 
-0.00443537998748 2 3 2 0 0 0 3 0 
-0.00443537998748 1 3 1 0 0 0 3 0 
0.06944629435199 3 0 0 0 0 0 0 3 
0.00227944616563 2 3 2 0 0 0 0 3 
0.00227944616563 1 3 1 0 0 0 0 3 
0.11328033834541 0 3 3 0 0 0 0 0 
-0.03593349185572 0 2 0 2 0 0 0 0 
-0.03593349185572 0 1 0 1 0 0 0 0 
0.00671482615311 0 2 1 0 1 2 0 0 
0.00671482615311 0 2 2 0 2 2 0 0 
0.00671482615311 0 1 1 0 1 1 0 0 
0.00671482615311 0 1 2 0 2 1 0 0 
0.00083287167971 0 2 1 0 1 3 3 2 
0.00083287167971 0 2 2 0 2 3 3 2 
0.00083287167971 0 1 1 0 1 3 3 1 
0.00083287167971 0 1 2 0 2 3 3 1 
-0.00083287167971 0 2 1 0 0 1 2 0 
0.00083287167971 0 2 2 0 0 1 1 0 
0.00083287167971 0 1 1 0 0 2 2 0 
-0.00083287167971 0 1 2 0 0 2 1 0 
0.00671482615311 0 2 1 0 0 0 1 2 
0.00671482615311 0 2 2 0 0 0 2 2 
0.00671482615311 0 1 1 0 0 0 1 1 
0.00671482615311 0 1 2 0 0 0 2 1 
0.08105139392664 0 3 0 3 0 0 0 0 
0.06944629435199 0 3 0 0 3 0 0 0 
0.00227944616563 0 2 3 2 3 0 0 0 
0.00227944616563 0 1 3 1 3 0 0 0 
-0.00861375268815 0 3 0 0 2 3 2 0 
-0.00861375268815 0 3 0 0 1 3 1 0 
-0.00028273050016 0 2 3 2 2 3 2 0 
-0.00028273050016 0 2 3 2 1 3 1 0 
-0.00028273050016 0 1 3 1 2 3 2 0 
-0.00028273050016 0 1 3 1 1 3 1 0 
0.06303707310157 0 3 0 0 0 3 0 0 
-0.00781878663143 0 3 0 0 0 2 3 2 
-0.00781878663143 0 3 0 0 0 1 3 1 
-0.00443537998748 0 2 3 2 0 3 0 0 
-0.00443537998748 0 1 3 1 0 3 0 0 
0.00055014117955 0 2 3 2 0 2 3 2 
0.00055014117955 0 2 3 2 0 1 3 1 
0.00055014117955 0 1 3 1 0 2 3 2 
0.00055014117955 0 1 3 1 0 1 3 1 
0.06944629435199 0 3 0 0 0 0 3 0 
0.00227944616563 0 2 3 2 0 0 3 0 
0.00227944616563 0 1 3 1 0 0 3 0 
0.06303707310157 0 3 0 0 0 0 0 3 
-0.00443537998748 0 2 3 2 0 0 0 3 
-0.00443537998748 0 1 3 1 0 0 0 3 
0.11187671082439 0 0 3 3 0 0 0 0 
0.00867049592954 0 0 2 1 1 2 0 0 
-0.00867049592954 0 0 2 2 1 1 0 0 
-0.00867049592954 0 0 1 1 2 2 0 0 
0.00867049592954 0 0 1 2 2 1 0 0 
-0.00107544266138 0 0 2 1 0 1 2 0 
-0.00107544266138 0 0 2 2 0 2 2 0 
-0.00107544266138 0 0 1 1 0 1 1 0 
-0.00107544266138 0 0 1 2 0 2 1 0 
0.00107544266138 0 0 2 1 1 3 3 2 
-0.00107544266138 0 0 2 2 1 3 3 1 
-0.00107544266138 0 0 1 1 2 3 3 2 
0.00107544266138 0 0 1 2 2 3 3 1 
0.00867049592954 0 0 2 1 0 0 1 2 
-0.00867049592954 0 0 2 2 0 0 1 1 
-0.00867049592954 0 0 1 1 0 0 2 2 
0.00867049592954 0 0 1 2 0 0 2 1 
0.05916921136882 0 0 3 0 3 0 0 0 
-0.00733903742798 0 0 3 0 2 3 2 0 
-0.00733903742798 0 0 3 0 1 3 1 0 
0.06783970729836 0 0 3 0 0 3 0 0 
-0.00841448008936 0 0 3 0 0 2 3 2 
-0.00841448008936 0 0 3 0 0 1 3 1 
0.05916921136882 0 0 3 0 0 0 3 0 
0.06783970729836 0 0 3 0 0 0 0 3 
0.06783970729836 0 0 0 3 3 0 0 0 
-0.00841448008936 0 0 0 3 2 3 2 0 
-0.00841448008936 0 0 0 3 1 3 1 0 
0.05916921136882 0 0 0 3 0 3 0 0 
-0.00733903742798 0 0 0 3 0 2 3 2 
-0.00733903742798 0 0 0 3 0 1 3 1 
0.06783970729836 0 0 0 3 0 0 3 0 
0.05916921136882 0 0 0 3 0 0 0 3 
0.07823637778985 0 0 0 0 3 3 0 0 
-0.00970402835439 0 0 0 0 2 0 2 0 
-0.00970402835439 0 0 0 0 1 0 1 0 
-0.00970402835439 0 0 0 0 3 2 3 2 
-0.00970402835439 0 0 0 0 3 1 3 1 
0.00535604015398 0 0 0 0 2 1 1 2 
-0.00535604015398 0 0 0 0 2 2 1 1 
-0.00535604015398 0 0 0 0 1 1 2 2 
0.00535604015398 0 0 0 0 1 2 2 1 
0.06457553049067 0 0 0 0 3 0 3 0 
0.06993157064465 0 0 0 0 3 0 0 3 
-0.00970402835439 0 0 0 0 2 3 2 3 
-0.00970402835439 0 0 0 0 1 3 1 3 
0.06993157064465 0 0 0 0 0 3 3 0 
-0.00970402835439 0 0 0 0 0 2 0 2 
-0.00970402835439 0 0 0 0 0 1 0 1 
0.06457553049067 0 0 0 0 0 3 0 3 
0.07823637778985 0 0 0 0 0 0 3 3 