-6.51131683180609 0 0 0 0 0 0 
-0.18599563241868 3 0 0 0 0 0 
-0.00383575450658 1 3 0 0 0 0 
0.00383575450658 1 0 0 0 0 0 
-0.18599563241868 0 0 0 3 0 0 
-0.00383575450658 0 0 0 1 3 0 
0.00383575450658 0 0 0 1 0 0 
-0.40937967094578 3 3 0 0 0 0 
-0.40937967094578 0 0 0 3 3 0 
-0.28841626472285 0 0 3 0 0 0 
-0.03286763987797 0 3 1 0 0 0 
-0.03286763987797 0 0 1 0 0 0 
-0.28841626472285 0 0 0 0 0 3 
-0.03286763987797 0 0 0 0 3 1 
-0.03286763987797 0 0 0 0 0 1 
0.28841626472285 0 3 3 0 0 0 
0.28841626472285 0 0 0 0 3 3 
0.12334344239823 3 0 0 3 0 0 
0.03559792546704 1 3 0 3 0 0 
-0.03559792546704 1 0 0 3 0 0 
0.03559792546704 3 0 0 1 3 0 
-0.03559792546704 3 0 0 1 0 0 
0.03222894441877 1 3 0 1 3 0 
-0.03222894441877 1 3 0 1 0 0 
-0.03222894441877 1 0 0 1 3 0 
0.03222894441877 1 0 0 1 0 0 
0.00640922125043 1 2 2 1 2 2 
-0.00640922125043 1 2 2 2 2 1 
-0.00640922125043 2 2 1 1 2 2 
0.00640922125043 2 2 1 2 2 1 
-0.00090640076166 1 1 0 1 2 2 
0.00090640076166 1 1 0 2 2 1 
0.00090640076166 2 2 3 1 2 2 
-0.00090640076166 2 2 3 2 2 1 
-0.00090640076166 1 2 2 1 1 0 
0.00090640076166 1 2 2 2 2 3 
0.00090640076166 2 2 1 1 1 0 
-0.00090640076166 2 2 1 2 2 3 
0.00640922125043 1 1 0 1 1 0 
-0.00640922125043 1 1 0 2 2 3 
-0.00640922125043 2 2 3 1 1 0 
0.00640922125043 2 2 3 2 2 3 
0.01677856123515 0 3 0 0 0 0 
0.11328033834541 3 0 0 3 3 0 
0.03593349185572 1 3 0 3 3 0 
-0.03593349185572 1 0 0 3 3 0 
-0.00671482615311 1 2 2 3 2 2 
-0.00671482615311 1 2 2 0 1 1 
0.00671482615311 2 2 1 3 2 2 
0.00671482615311 2 2 1 0 1 1 
0.00094961982147 1 1 0 3 2 2 
0.00094961982147 1 1 0 0 1 1 
-0.00094961982147 2 2 3 3 2 2 
-0.00094961982147 2 2 3 0 1 1 
0.00094961982147 1 2 2 3 1 0 
0.00094961982147 1 2 2 0 1 3 
-0.00094961982147 2 2 1 3 1 0 
-0.00094961982147 2 2 1 0 1 3 
-0.00671482615311 1 1 0 3 1 0 
-0.00671482615311 1 1 0 0 1 3 
0.00671482615311 2 2 3 3 1 0 
0.00671482615311 2 2 3 0 1 3 
0.00386786173274 3 0 3 0 0 0 
0.01728257849052 3 3 1 0 0 0 
0.01728257849052 3 0 1 0 0 0 
0.00887075997495 1 3 3 0 0 0 
-0.00887075997495 1 0 3 0 0 0 
0.06944629435199 3 0 0 0 0 3 
-0.00227944616563 1 3 0 0 0 3 
0.00227944616563 1 0 0 0 0 3 
0.00982118913291 3 0 0 0 3 1 
0.00982118913291 3 0 0 0 0 1 
-0.00032236236821 1 3 0 0 3 1 
-0.00032236236821 1 3 0 0 0 1 
0.00032236236821 1 0 0 0 3 1 
0.00032236236821 1 0 0 0 0 1 
-0.00386786173274 3 3 3 0 0 0 
-0.06944629435199 3 0 0 0 3 3 
0.00227944616563 1 3 0 0 3 3 
-0.00227944616563 1 0 0 0 3 3 
0.11328033834541 3 3 0 3 0 0 
0.03593349185572 3 3 0 1 3 0 
-0.03593349185572 3 3 0 1 0 0 
-0.00671482615311 3 2 2 1 2 2 
-0.00671482615311 0 1 1 1 2 2 
0.00671482615311 3 2 2 2 2 1 
0.00671482615311 0 1 1 2 2 1 
0.00094961982147 3 2 2 1 1 0 
0.00094961982147 0 1 1 1 1 0 
-0.00094961982147 3 2 2 2 2 3 
-0.00094961982147 0 1 1 2 2 3 
0.00094961982147 3 1 0 1 2 2 
0.00094961982147 0 1 3 1 2 2 
-0.00094961982147 3 1 0 2 2 1 
-0.00094961982147 0 1 3 2 2 1 
-0.00671482615311 3 1 0 1 1 0 
-0.00671482615311 0 1 3 1 1 0 
0.00671482615311 3 1 0 2 2 3 
0.00671482615311 0 1 3 2 2 3 
0.01677856123515 0 0 0 0 3 0 
0.06944629435199 0 0 3 3 0 0 
-0.00227944616563 0 0 3 1 3 0 
0.00227944616563 0 0 3 1 0 0 
0.00982118913291 0 3 1 3 0 0 
0.00982118913291 0 0 1 3 0 0 
-0.00032236236821 0 3 1 1 3 0 
-0.00032236236821 0 0 1 1 3 0 
0.00032236236821 0 3 1 1 0 0 
0.00032236236821 0 0 1 1 0 0 
0.00386786173274 0 0 0 3 0 3 
0.01728257849052 0 0 0 3 3 1 
0.01728257849052 0 0 0 3 0 1 
0.00887075997495 0 0 0 1 3 3 
-0.00887075997495 0 0 0 1 0 3 
-0.06944629435199 0 3 3 3 0 0 
0.00227944616563 0 3 3 1 3 0 
-0.00227944616563 0 3 3 1 0 0 
-0.00386786173274 0 0 0 3 3 3 
0.11187671082439 3 3 0 3 3 0 
0.00867049592954 3 2 2 3 2 2 
0.00867049592954 3 2 2 0 1 1 
0.00867049592954 0 1 1 3 2 2 
0.00867049592954 0 1 1 0 1 1 
-0.00122619329361 3 1 0 3 2 2 
-0.00122619329361 3 1 0 0 1 1 
-0.00122619329361 0 1 3 3 2 2 
-0.00122619329361 0 1 3 0 1 1 
-0.00122619329361 3 2 2 3 1 0 
-0.00122619329361 3 2 2 0 1 3 
-0.00122619329361 0 1 1 3 1 0 
-0.00122619329361 0 1 1 0 1 3 
0.00867049592954 3 1 0 3 1 0 
0.00867049592954 3 1 0 0 1 3 
0.00867049592954 0 1 3 3 1 0 
0.00867049592954 0 1 3 0 1 3 
0.06783970729836 3 3 0 0 0 3 
0.00959398341288 3 3 0 0 3 1 
0.00959398341288 3 3 0 0 0 1 
-0.06783970729836 3 3 0 0 3 3 
0.06783970729836 0 0 3 3 3 0 
0.00959398341288 0 3 1 3 3 0 
0.00959398341288 0 0 1 3 3 0 
-0.06783970729836 0 3 3 3 3 0 
0.07823637778985 0 0 3 0 0 3 
0.01106429465414 0 3 1 0 0 3 
0.01106429465414 0 0 1 0 0 3 
0.01106429465414 0 0 3 0 3 1 
0.01106429465414 0 0 3 0 0 1 
0.00569766673665 0 3 1 0 3 1 
0.00569766673665 0 3 1 0 0 1 
0.00569766673665 0 0 1 0 3 1 
0.00569766673665 0 0 1 0 0 1 
-0.06997049942814 0 0 3 0 3 3 
-0.01106429465414 0 3 1 0 3 3 
-0.01106429465414 0 0 1 0 3 3 
-0.06997049942814 0 3 3 0 0 3 
-0.01106429465414 0 3 3 0 3 1 
-0.01106429465414 0 3 3 0 0 1 
0.07823637778985 0 3 3 0 3 3